0 0.657821 0.52129 0.157852 0.391244
0 0.858322 0.0919018 0.0575472 0.183804
0 0.0804258 0.092261 0.0505459 0.184522
0 0.13963 0.0912243 0.0760149 0.182449
0 0.0304552 0.0928103 0.0609104 0.185621
0 0.195657 0.0913609 0.0399436 0.182722
0 0.0689514 0.905581 0.0586383 0.1882
0 0.296493 0.906748 0.0627562 0.186503
0 0.0193519 0.90361 0.0387038 0.186833
1 0.551141 0.537227 0.733715 0.646011
0 0.811573 0.539335 0.160784 0.634691
0 0.336763 0.536237 0.24853 0.636002
0 0.649945 0.539814 0.155673 0.63754
2 0.522399 0.165318 0.389526 0.0291678
3 0.807796 0.211244 0.184342 0.0207449
0 0.185645 0.505657 0.055594 0.638394
0 0.510088 0.535791 0.123222 0.636959
