0 0.657821 0.52129 0.157852 0.391244
0 0.858322 0.0919018 0.0575472 0.183804
0 0.0804258 0.092261 0.0505459 0.184522
0 0.13963 0.0912243 0.0760149 0.182449
0 0.0304552 0.0928103 0.0609104 0.185621
0 0.195657 0.0913609 0.0399436 0.182722
0 0.0689514 0.905581 0.0586383 0.1882
0 0.296493 0.906748 0.0627562 0.186503
0 0.0193519 0.90361 0.0387038 0.186833
1 0.551141 0.537227 0.733715 0.646011
0 0.811573 0.539335 0.160784 0.634691
0 0.336763 0.536237 0.24853 0.636002
0 0.649945 0.539814 0.155673 0.63754
2 0.522399 0.165318 0.389526 0.0291678
3 0.807796 0.211244 0.184342 0.0207449
0 0.185645 0.505657 0.055594 0.638394
0 0.510088 0.535791 0.123222 0.636959
1 0.561883 0.445312 0.749569 0.726047
0 0.651497 0.441494 0.169573 0.711961
0 0.819573 0.440772 0.166256 0.716689
0 0.391435 0.442181 0.361292 0.716018
0 0.462621 0.441453 0.216709 0.712056
0 0.1813 0.476745 0.0580221 0.634202
0 0.317291 0.206986 0.224101 0.23985
1 0.534216 0.205943 0.753002 0.25424
0 0.817739 0.20472 0.163058 0.237515
0 0.659735 0.205023 0.14471 0.241506
0 0.183968 0.206454 0.052347 0.241431
0 0.513617 0.205452 0.122227 0.239712
0 0.531305 0.205511 0.0822748 0.239432
0 0.595879 0.204717 0.0480636 0.239758
1 0.532335 0.481043 0.823637 0.563911
0 0.869985 0.484016 0.132399 0.539492
0 0.485108 0.481136 0.125549 0.547483
0 0.741466 0.484599 0.124601 0.531952
0 0.269491 0.47074 0.299057 0.569639
0 0.618424 0.482982 0.133909 0.535148
2 0.523701 0.136175 0.634136 0.025422
1 0.539919 0.499673 0.774316 0.560068
0 0.491151 0.506837 0.224393 0.541155
0 0.830667 0.509392 0.151187 0.535232
0 0.679366 0.506635 0.154653 0.537651
0 0.400461 0.504134 0.401082 0.540612
2 0.524611 0.162307 0.468791 0.0276244
0 0.526234 0.505945 0.15206 0.537219
0 0.179122 0.49251 0.0528394 0.617751
3 0.786348 0.22881 0.249181 0.0195829
1 0.549545 0.312419 0.778544 0.5234
0 0.399181 0.319253 0.402393 0.495794
0 0.831001 0.317546 0.155055 0.497671
0 0.172663 0.320905 0.0555779 0.515262
0 0.677284 0.318383 0.153595 0.498078
0 0.284426 0.51326 0.28932 0.682818
0 0.520069 0.77092 0.174228 0.125991
1 0.496721 0.55728 0.741727 0.579838
0 0.663315 0.622165 0.459666 0.470343
0 0.524708 0.481998 0.793325 0.930327
1 0.524916 0.460448 0.794394 0.884452
1 0.531027 0.339111 0.852791 0.366274
0 0.3778 0.335334 0.481936 0.349024
0 0.690941 0.33735 0.0751103 0.351291
0 0.860229 0.3386 0.0688417 0.352141
0 0.784919 0.342946 0.114452 0.34552
0 0.816727 0.337318 0.146036 0.351174
2 0.510608 0.336771 0.40478 0.0332519
0 0.816498 0.188728 0.0908887 0.175619
0 0.375613 0.132798 0.532044 0.265596
0 0.812789 0.502302 0.124609 0.668346
1 0.529731 0.494973 0.706508 0.718822
0 0.344072 0.498591 0.290913 0.698281
0 0.678106 0.500833 0.13626 0.683934
0 0.588513 0.571614 0.054242 0.602847
0 0.714878 0.559475 0.0703142 0.691664
3 0.821772 0.147239 0.13166 0.0182985
0 0.648074 0.567496 0.0633175 0.655612
2 0.520833 0.105173 0.312777 0.0240125
0 0.825853 0.4589 0.126397 0.734462
0 0.694002 0.459584 0.139156 0.7334
0 0.417744 0.470581 0.411112 0.72189
1 0.553036 0.714735 0.717819 0.24975
3 0.849703 0.0580239 0.101775 0.024996
0 0.471726 0.706533 0.0692844 0.230301
0 0.534787 0.707111 0.0615046 0.237364
0 0.328295 0.707744 0.241889 0.243012
1 0.522955 0.270975 0.73043 0.301916
0 0.816486 0.270695 0.128204 0.283601
0 0.69371 0.271091 0.111356 0.283088
0 0.186632 0.27144 0.0572296 0.277006
0 0.340967 0.272353 0.249432 0.278043
0 0.295989 0.278229 0.161789 0.264305
0 0.518042 0.26523 0.181901 0.284191
0 0.537919 0.269458 0.124847 0.281511
2 0.375919 0.115297 0.442216 0.022811
1 0.513836 0.430766 0.786707 0.561053
0 0.309628 0.428075 0.259958 0.558
0 0.833993 0.437489 0.106625 0.532266
0 0.721643 0.434836 0.110661 0.538952
0 0.611623 0.43143 0.110297 0.546957
0 0.158688 0.427941 0.0523692 0.584889
0 0.52289 0.42133 0.0632088 0.642458
2 0.515593 0.102022 0.308585 0.0258838
1 0.52268 0.501885 0.766545 0.67205
0 0.397159 0.502462 0.439812 0.655352
0 0.819326 0.501532 0.13744 0.65228
3 0.827919 0.168986 0.137572 0.0177302
0 0.680272 0.503558 0.140507 0.648541
0 0.406113 0.78992 0.104075 0.0625315
2 0.508281 0.118854 0.256943 0.0177143
1 0.526629 0.345164 0.762963 0.567469
0 0.396575 0.350102 0.440359 0.544229
0 0.821048 0.350246 0.134422 0.544857
0 0.680611 0.354856 0.141328 0.534923
3 0.845246 0.0616198 0.0903293 0.0206973
0 0.155785 0.367398 0.0528806 0.586968
0 0.72451 0.360553 0.0622012 0.589865
1 0.504379 0.514326 0.772985 0.704833
0 0.281627 0.492688 0.294607 0.789114
1 0.518848 0.453455 0.796549 0.821678
1 0.487472 0.616865 0.788617 0.344979
0 0.792144 0.618468 0.16113 0.333936
0 0.690751 0.612302 0.0441299 0.333147
0 0.377646 0.438296 0.49654 0.71542
0 0.693266 0.247688 0.128416 0.183162
0 0.691375 0.594047 0.128241 0.270462
1 0.513194 0.247452 0.742028 0.258305
0 0.314334 0.21205 0.326093 0.178716
0 0.34506 0.768372 0.120827 0.102017
0 0.814185 0.603054 0.114606 0.330201
0 0.209569 0.766125 0.124643 0.104866
0 0.310761 0.640134 0.32796 0.386191
0 0.552998 0.54905 0.144386 0.14878
0 0.816703 0.248848 0.115423 0.177969
0 0.554509 0.23611 0.148447 0.193089
1 0.30923 0.764894 0.344203 0.123884
0 0.420779 0.739487 0.112058 0.163791
2 0.751431 0.132025 0.245298 0.0216528
1 0.681247 0.61179 0.388609 0.318449
1 0.573019 0.251089 0.610821 0.21323
0 0.384647 0.249811 0.426753 0.190614
1 0.553721 0.46396 0.874647 0.731027
0 0.738789 0.47125 0.137272 0.705891
0 0.880127 0.469147 0.139356 0.705967
0 0.375115 0.498464 0.466959 0.640519
0 0.63895 0.462512 0.0648413 0.697524
2 0.330513 0.0925737 0.364294 0.0355473
1 0.531564 0.413002 0.840982 0.642411
0 0.718762 0.422272 0.131482 0.59756
0 0.358886 0.437081 0.447965 0.572055
0 0.857274 0.412546 0.13696 0.616256
0 0.616713 0.431695 0.0707686 0.621169
1 0.545107 0.447157 0.860204 0.661574
0 0.296497 0.45401 0.324466 0.61045
0 0.691649 0.451738 0.118136 0.64243
0 0.915569 0.445199 0.111375 0.636062
0 0.804646 0.449608 0.108002 0.635681
0 0.582 0.440502 0.107055 0.714054
2 0.402632 0.105955 0.509112 0.0234698
0 0.490452 0.43978 0.0674602 0.706066
1 0.557045 0.481715 0.837115 0.692972
0 0.427913 0.494625 0.528196 0.645221
0 0.752341 0.489525 0.128041 0.664001
0 0.886821 0.493328 0.136092 0.659244
1 0.564047 0.335126 0.804609 0.670252
0 0.888622 0.398417 0.125447 0.555047
0 0.763719 0.394328 0.125743 0.558457
0 0.436572 0.34039 0.526167 0.68078
1 0.55049 0.562993 0.798289 0.712254
0 0.613927 0.578867 0.198174 0.717969
0 0.34188 0.551803 0.325178 0.738446
1 0.527434 0.585502 0.90283 0.748794
1 0.516681 0.378375 0.844292 0.695656
0 0.450542 0.376424 0.711381 0.672508
0 0.600723 0.871906 0.0863722 0.248893
1 0.521816 0.296869 0.93598 0.259758
0 0.882824 0.777919 0.162618 0.389593
0 0.532149 0.764918 0.195517 0.469217
0 0.723409 0.789233 0.18125 0.418426
0 0.889302 0.303415 0.162821 0.250015
0 0.728456 0.29751 0.140022 0.249969
1 0.518424 0.722904 0.944581 0.554191
0 0.360168 0.197663 0.604193 0.395327
0 0.721078 0.478102 0.141872 0.58555
0 0.853994 0.474526 0.134705 0.589083
0 0.567168 0.445468 0.156709 0.654961
1 0.556993 0.451301 0.798396 0.648198
2 0.403843 0.130343 0.536482 0.0285676
0 0.915167 0.316378 0.0636302 0.30184
0 0.788644 0.545423 0.202664 0.370023
1 0.649271 0.585574 0.531662 0.462682
0 0.246151 0.472646 0.261074 0.941097
1 0.548597 0.524217 0.866289 0.776257
0 0.384876 0.537384 0.529794 0.734653
0 0.767749 0.522284 0.114246 0.766628
0 0.8888 0.522419 0.119104 0.765294
0 0.681252 0.538125 0.0706739 0.720734
2 0.3644 0.121593 0.446624 0.0242439
0 0.372424 0.474296 0.466697 0.565465
1 0.532584 0.47219 0.871613 0.624014
0 0.875603 0.468811 0.122057 0.608079
0 0.747759 0.469595 0.130426 0.615819
0 0.650954 0.478356 0.0708817 0.673088
0 0.152658 0.466152 0.0567727 0.624924
1 0.531977 0.284312 0.845978 0.201127
0 0.746966 0.277073 0.14282 0.198044
0 0.876719 0.27778 0.117348 0.197218
0 0.612009 0.285972 0.0895788 0.186693
1 0.70361 0.280802 0.477488 0.203417
0 0.359076 0.17729 0.467805 0.354579
0 0.360688 0.101084 0.47573 0.202168
1 0.532351 0.464482 0.849819 0.625316
0 0.367507 0.48127 0.486978 0.58923
0 0.752713 0.462307 0.12669 0.599849
0 0.879614 0.462835 0.120012 0.598179
0 0.654095 0.461717 0.0741632 0.653019
3 0.882293 0.179297 0.0939802 0.0155345
