0 0.657821 0.52129 0.157852 0.391244
0 0.858322 0.0919018 0.0575472 0.183804
0 0.0804258 0.092261 0.0505459 0.184522
0 0.13963 0.0912243 0.0760149 0.182449
0 0.0304552 0.0928103 0.0609104 0.185621
0 0.195657 0.0913609 0.0399436 0.182722
0 0.0689514 0.905581 0.0586383 0.1882
0 0.296493 0.906748 0.0627562 0.186503
0 0.0193519 0.90361 0.0387038 0.186833
1 0.550343 0.534718 0.726679 0.650113
0 0.811479 0.53761 0.161145 0.638361
0 0.646513 0.540904 0.164361 0.641611
0 0.337695 0.538431 0.250091 0.640997
2 0.525905 0.165266 0.392871 0.0290057
3 0.809584 0.210524 0.185994 0.0201475
0 0.185302 0.500737 0.0566879 0.589596
0 0.512401 0.537468 0.121098 0.640983
1 0.561883 0.445312 0.749569 0.726047
0 0.651497 0.441494 0.169573 0.711961
0 0.819573 0.440772 0.166256 0.716689
0 0.391435 0.442181 0.361292 0.716018
0 0.462621 0.441453 0.216709 0.712056
0 0.1813 0.476745 0.0580221 0.634202
0 0.317291 0.206986 0.224101 0.23985
1 0.534216 0.205943 0.753002 0.25424
0 0.817739 0.20472 0.163058 0.237515
0 0.659735 0.205023 0.14471 0.241506
0 0.183968 0.206454 0.052347 0.241431
0 0.513617 0.205452 0.122227 0.239712
0 0.531305 0.205511 0.0822748 0.239432
0 0.595879 0.204717 0.0480636 0.239758
1 0.532335 0.481043 0.823637 0.563911
0 0.869985 0.484016 0.132399 0.539492
0 0.485108 0.481136 0.125549 0.547483
0 0.741466 0.484599 0.124601 0.531952
0 0.269491 0.47074 0.299057 0.569639
0 0.618424 0.482982 0.133909 0.535148
2 0.523701 0.136175 0.634136 0.025422
1 0.538163 0.500056 0.779369 0.557296
0 0.677076 0.502432 0.153404 0.531426
0 0.828903 0.506191 0.149152 0.534345
0 0.513251 0.504106 0.17504 0.536246
0 0.337806 0.504313 0.272534 0.534621
0 0.399937 0.502807 0.403831 0.536846
0 0.178263 0.499545 0.0535213 0.582822
3 0.801316 0.228341 0.222023 0.0190388
2 0.524489 0.163819 0.470847 0.0277097
3 0.834787 0.228523 0.149918 0.017603
1 0.549545 0.312419 0.778544 0.5234
0 0.399181 0.319253 0.402393 0.495794
0 0.831001 0.317546 0.155055 0.497671
0 0.172663 0.320905 0.0555779 0.515262
0 0.677284 0.318383 0.153595 0.498078
0 0.282757 0.523538 0.288377 0.701522
1 0.505347 0.549996 0.750919 0.607843
2 0.519222 0.143802 0.760814 0.0355354
0 0.524708 0.478233 0.793721 0.937592
1 0.52472 0.45393 0.79455 0.884513
2 0.510608 0.336771 0.40478 0.0332519
0 0.385489 0.136516 0.534215 0.273031
0 0.812789 0.502302 0.124609 0.668346
1 0.529731 0.494973 0.706508 0.718822
0 0.344072 0.498591 0.290913 0.698281
0 0.678106 0.500833 0.13626 0.683934
0 0.588513 0.571614 0.054242 0.602847
0 0.714878 0.559475 0.0703142 0.691664
3 0.821772 0.147239 0.13166 0.0182985
0 0.648074 0.567496 0.0633175 0.655612
2 0.520833 0.105173 0.312777 0.0240125
0 0.825824 0.460667 0.126642 0.73066
0 0.697697 0.461229 0.131325 0.730419
0 0.417433 0.471217 0.411561 0.722055
1 0.552178 0.714771 0.720064 0.24992
3 0.85198 0.0585102 0.0979771 0.0256086
0 0.472915 0.706973 0.0673955 0.231895
0 0.326709 0.707684 0.250205 0.243203
0 0.534274 0.705812 0.0576557 0.24135
1 0.522955 0.270975 0.73043 0.301916
0 0.816486 0.270695 0.128204 0.283601
0 0.69371 0.271091 0.111356 0.283088
0 0.186632 0.27144 0.0572296 0.277006
0 0.340967 0.272353 0.249432 0.278043
0 0.295989 0.278229 0.161789 0.264305
0 0.518042 0.26523 0.181901 0.284191
0 0.537919 0.269458 0.124847 0.281511
2 0.375919 0.115297 0.442216 0.022811
1 0.513836 0.430766 0.786707 0.561053
0 0.309628 0.428075 0.259958 0.558
0 0.833993 0.437489 0.106625 0.532266
0 0.721643 0.434836 0.110661 0.538952
0 0.611623 0.43143 0.110297 0.546957
0 0.158688 0.427941 0.0523692 0.584889
0 0.52289 0.42133 0.0632088 0.642458
2 0.515593 0.102022 0.308585 0.0258838
1 0.52268 0.501885 0.766545 0.67205
0 0.397159 0.502462 0.439812 0.655352
0 0.819326 0.501532 0.13744 0.65228
3 0.827919 0.168986 0.137572 0.0177302
0 0.680272 0.503558 0.140507 0.648541
0 0.406113 0.78992 0.104075 0.0625315
2 0.508281 0.118854 0.256943 0.0177143
1 0.530495 0.344324 0.762165 0.568767
0 0.398031 0.352954 0.432828 0.536187
0 0.820911 0.352623 0.134271 0.540972
0 0.680601 0.354074 0.143075 0.5341
3 0.846002 0.0616785 0.089655 0.0209775
0 0.7227 0.36017 0.0659358 0.599497
0 0.156077 0.367351 0.0540528 0.570513
1 0.504379 0.514326 0.772985 0.704833
0 0.281627 0.492688 0.294607 0.789114
1 0.518929 0.453551 0.796845 0.824327
0 0.557813 0.459981 0.692926 0.825216
1 0.487793 0.617033 0.787667 0.344818
0 0.79202 0.618698 0.161232 0.332374
0 0.690705 0.612445 0.0440822 0.332882
0 0.377916 0.437833 0.496797 0.706484
0 0.384647 0.249811 0.426753 0.190614
1 0.553721 0.46396 0.874647 0.731027
0 0.738789 0.47125 0.137272 0.705891
0 0.880127 0.469147 0.139356 0.705967
0 0.375115 0.498464 0.466959 0.640519
0 0.63895 0.462512 0.0648413 0.697524
2 0.330513 0.0925737 0.364294 0.0355473
1 0.531564 0.413002 0.840982 0.642411
0 0.718762 0.422272 0.131482 0.59756
0 0.358886 0.437081 0.447965 0.572055
0 0.857274 0.412546 0.13696 0.616256
0 0.616713 0.431695 0.0707686 0.621169
1 0.545107 0.447157 0.860204 0.661574
0 0.296497 0.45401 0.324466 0.61045
0 0.691649 0.451738 0.118136 0.64243
0 0.915569 0.445199 0.111375 0.636062
0 0.804646 0.449608 0.108002 0.635681
0 0.582 0.440502 0.107055 0.714054
2 0.402632 0.105955 0.509112 0.0234698
0 0.490452 0.43978 0.0674602 0.706066
1 0.557045 0.481715 0.837115 0.692972
0 0.427913 0.494625 0.528196 0.645221
0 0.752341 0.489525 0.128041 0.664001
0 0.886821 0.493328 0.136092 0.659244
1 0.564047 0.335126 0.804609 0.670252
0 0.888622 0.398417 0.125447 0.555047
0 0.763719 0.394328 0.125743 0.558457
0 0.436572 0.34039 0.526167 0.68078
1 0.55049 0.562993 0.798289 0.712254
0 0.613927 0.578867 0.198174 0.717969
0 0.34188 0.551803 0.325178 0.738446
