0 0.657821 0.52129 0.157852 0.391244
0 0.858322 0.0919018 0.0575472 0.183804
0 0.0804258 0.092261 0.0505459 0.184522
0 0.13963 0.0912243 0.0760149 0.182449
0 0.0304552 0.0928103 0.0609104 0.185621
0 0.195657 0.0913609 0.0399436 0.182722
0 0.0689514 0.905581 0.0586383 0.1882
0 0.296493 0.906748 0.0627562 0.186503
0 0.0193519 0.90361 0.0387038 0.186833
1 0.551141 0.537227 0.733715 0.646011
0 0.811573 0.539335 0.160784 0.634691
0 0.336763 0.536237 0.24853 0.636002
0 0.649945 0.539814 0.155673 0.63754
2 0.522399 0.165318 0.389526 0.0291678
3 0.807796 0.211244 0.184342 0.0207449
0 0.185645 0.505657 0.055594 0.638394
0 0.510088 0.535791 0.123222 0.636959
1 0.561883 0.445312 0.749569 0.726047
0 0.651497 0.441494 0.169573 0.711961
0 0.819573 0.440772 0.166256 0.716689
0 0.391435 0.442181 0.361292 0.716018
0 0.462621 0.441453 0.216709 0.712056
0 0.1813 0.476745 0.0580221 0.634202
0 0.317291 0.206986 0.224101 0.23985
1 0.534216 0.205943 0.753002 0.25424
0 0.817739 0.20472 0.163058 0.237515
0 0.659735 0.205023 0.14471 0.241506
0 0.183968 0.206454 0.052347 0.241431
0 0.513617 0.205452 0.122227 0.239712
0 0.531305 0.205511 0.0822748 0.239432
0 0.595879 0.204717 0.0480636 0.239758
1 0.532335 0.481043 0.823637 0.563911
0 0.869985 0.484016 0.132399 0.539492
0 0.485108 0.481136 0.125549 0.547483
0 0.741466 0.484599 0.124601 0.531952
0 0.269491 0.47074 0.299057 0.569639
0 0.618424 0.482982 0.133909 0.535148
2 0.523701 0.136175 0.634136 0.025422
1 0.539919 0.499673 0.774316 0.560068
0 0.491151 0.506837 0.224393 0.541155
0 0.830667 0.509392 0.151187 0.535232
0 0.679366 0.506635 0.154653 0.537651
0 0.400461 0.504134 0.401082 0.540612
2 0.524611 0.162307 0.468791 0.0276244
0 0.526234 0.505945 0.15206 0.537219
0 0.179122 0.49251 0.0528394 0.617751
3 0.786348 0.22881 0.249181 0.0195829
1 0.549545 0.312419 0.778544 0.5234
0 0.399181 0.319253 0.402393 0.495794
0 0.831001 0.317546 0.155055 0.497671
0 0.172663 0.320905 0.0555779 0.515262
0 0.677284 0.318383 0.153595 0.498078
0 0.284426 0.51326 0.28932 0.682818
0 0.520069 0.77092 0.174228 0.125991
1 0.496721 0.55728 0.741727 0.579838
0 0.663315 0.622165 0.459666 0.470343
0 0.524708 0.481998 0.793325 0.930327
1 0.524916 0.460448 0.794394 0.884452
